0.000000000000000000e+00
7.155777100000000612e-02
7.646297900000000036e-02
8.136818699999999460e-02
8.627339600000000219e-02
9.117860399999999643e-02
9.608381200000000455e-02
1.009890209999999983e-01
1.058986039999999934e-01
1.108168330000000035e-01
1.157474579999999975e-01
1.206935519999999956e-01
1.256575100000000000e-01
1.306408440000000060e-01
1.356442810000000054e-01
1.406677189999999966e-01
1.457102190000000019e-01
1.507701140000000106e-01
1.558451660000000072e-01
1.609325620000000012e-01
1.660291249999999996e-01
1.711291249999999931e-01
1.762291249999999865e-01
1.813119370000000063e-01
1.863324580000000064e-01
1.913529790000000064e-01
1.963735000000000064e-01
2.013940210000000064e-01
2.064145410000000069e-01
2.114350620000000069e-01
2.164555310000000066e-01
2.214760000000000062e-01
2.264964690000000058e-01
2.315169370000000060e-01
2.365374060000000056e-01
2.415578750000000052e-01
2.465783440000000049e-01
2.515988120000000050e-01
2.566192809999999769e-01
2.616397500000000043e-01
2.666602189999999761e-01
2.716806869999999763e-01
2.767011560000000037e-01
2.817216249999999755e-01
2.867420940000000029e-01
2.917625620000000031e-01
2.967830309999999749e-01
3.018035000000000023e-01
3.068239689999999742e-01
3.118444369999999743e-01
3.168649060000000017e-01
3.218853749999999736e-01
3.269058440000000010e-01
3.319263120000000011e-01
3.369467809999999730e-01
3.419672500000000004e-01
3.469877710000000004e-01
3.520082909999999732e-01
3.570288119999999732e-01
3.620493329999999732e-01
3.670698539999999732e-01
3.720903749999999732e-01
3.771108959999999732e-01
3.821314160000000015e-01
3.871519370000000015e-01
3.921724580000000016e-01
3.971929790000000016e-01
4.022135000000000016e-01
4.072340210000000016e-01
4.122545409999999744e-01
4.172750619999999744e-01
4.222955829999999744e-01
4.273161039999999744e-01
4.323366249999999744e-01
4.373571459999999744e-01
4.423776660000000027e-01
4.473981870000000027e-01
4.524187080000000027e-01
4.574392290000000028e-01
4.624597500000000028e-01
4.674802710000000028e-01
4.725007909999999756e-01
4.775213119999999756e-01
4.825418329999999756e-01
4.875623539999999756e-01
4.925828749999999756e-01
4.976033959999999756e-01
5.026239160000000039e-01
5.076444369999999484e-01
5.126649580000000039e-01
5.176854789999999484e-01
5.227060000000000040e-01
5.277265209999999485e-01
5.327470410000000323e-01
5.377675619999999768e-01
5.427880830000000323e-01
5.478086039999999768e-01
5.528291250000000323e-01
5.578496459999999768e-01
5.628701659999999496e-01
5.678906870000000051e-01
5.729112079999999496e-01
5.779317290000000051e-01
5.829522499999999496e-01
5.879727710000000052e-01
5.929932909999999779e-01
5.980138120000000335e-01
6.030343329999999780e-01
6.080548540000000335e-01
6.130753749999999780e-01
6.180958960000000335e-01
6.231164160000000063e-01
6.281369369999999508e-01
6.331574580000000063e-01
6.381779789999999508e-01
6.431985000000000063e-01
6.482190209999999508e-01
6.532395410000000346e-01
6.582600619999999791e-01
6.632805830000000347e-01
6.683011039999999792e-01
6.733216250000000347e-01
6.783421459999999792e-01
6.833626659999999520e-01
6.883831870000000075e-01
6.934037079999999520e-01
6.984242290000000075e-01
7.034447499999999520e-01
7.084652710000000075e-01
7.134857909999999803e-01
7.185063120000000358e-01
7.235268329999999803e-01
7.285473540000000359e-01
7.335678749999999804e-01
7.385883960000000359e-01
7.436089160000000087e-01
7.486294369999999532e-01
7.536499580000000087e-01
7.586704789999999532e-01
7.636910000000000087e-01
7.687115209999999532e-01
7.737320410000000370e-01
7.787525619999999815e-01
7.837730830000000370e-01
7.887936039999999815e-01
7.938141250000000371e-01
7.988346459999999816e-01
8.038551659999999544e-01
8.088756870000000099e-01
8.138962079999999544e-01
8.189167290000000099e-01
8.239372499999999544e-01
8.289577710000000099e-01
8.339782909999999827e-01
8.389988120000000382e-01
8.440193329999999827e-01
8.490398540000000382e-01
8.540603749999999827e-01
8.590808960000000383e-01
8.641014160000000111e-01
8.691219369999999556e-01
8.741424580000000111e-01
8.791629789999999556e-01
8.841835000000000111e-01
8.892040209999999556e-01
8.942245410000000394e-01
8.992450619999999839e-01
9.042655830000000394e-01
9.092861039999999839e-01
9.143066250000000394e-01
9.193271459999999839e-01
9.243476659999999567e-01
9.293681870000000123e-01
9.343887079999999568e-01
9.394092290000000123e-01
9.444297499999999568e-01
9.494502710000000123e-01
9.544707909999999851e-01
9.594913120000000406e-01
9.645118329999999851e-01
9.695323540000000406e-01
9.745528749999999851e-01
9.795733960000000407e-01
9.845939160000000134e-01
9.896144369999999579e-01
9.946349580000000135e-01
9.996554789999999580e-01
1.004675999999999902e+00
1.009696520999999958e+00
1.014717040999999931e+00
1.019737561999999986e+00
1.024758083000000042e+00
1.029778604000000097e+00
1.034799124999999931e+00
1.039819645999999986e+00
1.044840165999999959e+00
1.049860687000000015e+00
1.054881208000000070e+00
1.059901728999999904e+00
1.064922249999999959e+00
1.069942771000000015e+00
1.074963290999999987e+00
1.079983812000000043e+00
1.085004333000000099e+00
1.090024853999999932e+00
1.095045374999999988e+00
1.100065896000000043e+00
1.105086416000000016e+00
1.110106937000000071e+00
1.115127457999999905e+00
1.120147978999999960e+00
1.125168500000000016e+00
1.130189021000000071e+00
1.135209541000000044e+00
1.140230062000000100e+00
1.145250582999999933e+00
1.150271103999999989e+00
1.155291625000000044e+00
1.160312146000000100e+00
1.165332666000000073e+00
1.170353186999999906e+00
1.175373707999999962e+00
1.180394229000000017e+00
1.185414750000000073e+00
1.190435270999999906e+00
1.195455791000000101e+00
1.200476311999999934e+00
1.205496832999999990e+00
1.210517354000000045e+00
1.215537875000000101e+00
1.220558395999999934e+00
1.225578915999999907e+00
1.230599436999999963e+00
1.235619958000000018e+00
1.240640479000000074e+00
1.245660999999999907e+00
1.250681520999999963e+00
1.255702040999999936e+00
1.260722561999999991e+00
1.265743083000000047e+00
1.270763604000000102e+00
1.275784124999999936e+00
1.280804645999999991e+00
1.285825165999999964e+00
1.290845687000000019e+00
1.295866208000000075e+00
1.300886728999999908e+00
1.305907249999999964e+00
1.310927771000000019e+00
1.315948290999999992e+00
1.320968812000000048e+00
1.325989333000000103e+00
1.331009853999999937e+00
1.336030374999999992e+00
1.341050896000000048e+00
1.346071416000000021e+00
1.351091937000000076e+00
1.356112457999999910e+00
1.361132978999999965e+00
1.366153500000000021e+00
1.371174021000000076e+00
1.376194541000000049e+00
1.381215062000000104e+00
1.386235582999999938e+00
1.391256103999999993e+00
1.396276625000000049e+00
1.401297146000000104e+00
1.406317666000000077e+00
1.411338186999999911e+00
1.416358707999999966e+00
1.421379229000000022e+00
1.426399750000000077e+00
1.431420270999999911e+00
1.436440791000000106e+00
1.441461311999999939e+00
1.446481832999999995e+00
1.451502354000000050e+00
1.456522875000000106e+00
1.461543395999999939e+00
1.466563915999999912e+00
1.471584436999999967e+00
1.476604958000000023e+00
1.481625479000000078e+00
1.486645999999999912e+00
1.491666520999999968e+00
1.496687040999999940e+00
1.501707561999999996e+00
1.506728083000000051e+00
1.511748604000000107e+00
1.516769124999999940e+00
1.521789645999999996e+00
1.526810165999999969e+00
1.531830687000000024e+00
1.536851208000000080e+00
1.541871728999999913e+00
1.546892249999999969e+00
1.551912771000000024e+00
1.556933290999999997e+00
1.561953812000000053e+00
1.566974333000000108e+00
1.571994853999999942e+00
1.577015374999999997e+00
1.582035896000000053e+00
1.587056416000000025e+00
1.592076937000000081e+00
1.597097457999999914e+00
1.602117978999999970e+00
1.607138500000000025e+00
1.612159021000000081e+00
1.617179541000000054e+00
1.622200062000000109e+00
1.627220582999999943e+00
1.632241103999999998e+00
1.637261625000000054e+00
1.642282146000000109e+00
1.647302666000000082e+00
1.652323186999999916e+00
1.657343707999999971e+00
1.662364229000000027e+00
1.667384750000000082e+00
1.672405270999999916e+00
1.677425791000000110e+00
1.682446311999999944e+00
1.687466832999999999e+00
1.692487354000000055e+00
1.697507875000000110e+00
1.702528395999999944e+00
1.707548915999999917e+00
1.712569436999999972e+00
1.717589958000000028e+00
1.722610479000000083e+00
1.727630999999999917e+00
1.732651520999999972e+00
1.737672040999999945e+00
1.742692562000000001e+00
1.747713083000000056e+00
1.752733603999999890e+00
1.757754124999999945e+00
1.762774646000000001e+00
1.767795165999999973e+00
1.772815687000000029e+00
1.777836208000000084e+00
1.782856728999999918e+00
1.787877249999999973e+00
1.792897771000000029e+00
1.797918291000000002e+00
1.802938812000000057e+00
1.807959332999999891e+00
1.812979853999999946e+00
1.818000375000000002e+00
1.823020896000000057e+00
1.828041416000000030e+00
1.833061937000000086e+00
1.838082457999999919e+00
1.843102978999999975e+00
1.848123500000000030e+00
1.853144021000000086e+00
1.858164541000000058e+00
1.863185061999999892e+00
1.868205582999999947e+00
1.873226104000000003e+00
1.878246625000000058e+00
1.883267145999999892e+00
1.888287666000000087e+00
1.893308186999999920e+00
1.898328707999999976e+00
1.903349229000000031e+00
1.908369750000000087e+00
1.913390270999999920e+00
1.918410790999999893e+00
1.923431311999999949e+00
1.928451833000000004e+00
1.933472354000000060e+00
1.938492874999999893e+00
1.943513395999999949e+00
1.948533915999999921e+00
1.953554436999999977e+00
1.958574958000000032e+00
1.963595479000000088e+00
1.968615999999999921e+00
1.973636520999999977e+00
1.978657040999999950e+00
1.983677562000000005e+00
1.988698083000000061e+00
1.993718603999999894e+00
1.998739124999999950e+00
2.003759645999999783e+00
2.008780166000000200e+00
2.013800686999999812e+00
2.018821207999999867e+00
2.023841728999999923e+00
2.028862249999999978e+00
2.033882771000000034e+00
2.038903291000000007e+00
2.043923812000000062e+00
2.048944333000000118e+00
2.053964854000000173e+00
2.058985374999999785e+00
2.064005895999999840e+00
2.069026415999999813e+00
2.074046936999999868e+00
2.079067457999999924e+00
2.084087978999999979e+00
2.089108500000000035e+00
2.094129021000000090e+00
2.099149541000000063e+00
2.104170062000000119e+00
2.109190583000000174e+00
2.114211103999999786e+00
2.119231624999999841e+00
2.124252145999999897e+00
2.129272665999999870e+00
2.134293186999999925e+00
2.139313707999999981e+00
2.144334229000000036e+00
2.149354750000000092e+00
2.154375271000000147e+00
2.159395791000000120e+00
2.164416312000000175e+00
2.169436832999999787e+00
2.174457353999999842e+00
2.179477874999999898e+00
2.184498395999999953e+00
2.189518915999999926e+00
2.194539436999999982e+00
2.199559958000000037e+00
2.204580530999999954e+00
2.209601103999999872e+00
2.214621676999999789e+00
2.219642250000000150e+00
2.224662823000000067e+00
2.229683395999999984e+00
2.234703968999999901e+00
2.239724541000000180e+00
2.244745114000000097e+00
2.249765687000000014e+00
2.254786259999999931e+00
2.259806832999999848e+00
2.264827406000000209e+00
2.269847979000000127e+00
2.274868552000000044e+00
2.279889124999999961e+00
2.284909697999999878e+00
2.289930270999999795e+00
2.294950844000000156e+00
2.299971415999999991e+00
2.304991988999999908e+00
2.310012561999999825e+00
2.315033135000000186e+00
2.320053708000000103e+00
2.325074281000000020e+00
2.330094802000000076e+00
2.335115323000000132e+00
2.340135844000000187e+00
2.345156364000000160e+00
2.350176885000000215e+00
2.355197405999999827e+00
2.360217926999999882e+00
2.365238447999999938e+00
2.370258968999999993e+00
2.375279488999999966e+00
2.380300010000000022e+00
2.385320531000000077e+00
2.390341052000000133e+00
2.395361573000000188e+00
2.400382093999999800e+00
2.405402614000000217e+00
2.410423134999999828e+00
2.415443655999999883e+00
2.420464176999999939e+00
2.425484697999999995e+00
2.430505219000000050e+00
2.435525739000000023e+00
2.440546260000000078e+00
2.445566781000000134e+00
2.450587302000000189e+00
2.455607822999999801e+00
2.460628343999999856e+00
2.465648863999999829e+00
2.470669384999999885e+00
2.475689905999999940e+00
2.480710426999999996e+00
2.485730948000000051e+00
2.490751469000000107e+00
2.495771989000000080e+00
2.500792510000000135e+00
2.505813031000000191e+00
2.510833551999999802e+00
2.515854072999999858e+00
2.520874593999999913e+00
2.525895113999999886e+00
2.530915634999999941e+00
2.535936155999999997e+00
2.540956677000000052e+00
2.545977198000000108e+00
2.550997719000000163e+00
2.556018239000000136e+00
2.561038760000000192e+00
2.566059280999999803e+00
2.571079801999999859e+00
2.576100322999999914e+00
2.581120843999999970e+00
2.586141363999999943e+00
2.591161884999999998e+00
2.596182406000000054e+00
2.601202927000000109e+00
2.606223448000000165e+00
2.611243969000000220e+00
2.616264489000000193e+00
2.621285009999999804e+00
2.626305530999999860e+00
2.631326051999999915e+00
2.636346572999999971e+00
2.641367094000000026e+00
2.646387613999999999e+00
2.651408135000000055e+00
2.656428656000000110e+00
2.661449177000000166e+00
2.666469698000000221e+00
2.671490218999999833e+00
2.676510738999999806e+00
2.681531259999999861e+00
2.686551780999999917e+00
2.691572301999999972e+00
2.696592823000000028e+00
2.701613344000000083e+00
2.706633864000000056e+00
2.711654385000000111e+00
2.716674906000000167e+00
2.721695426999999778e+00
2.726715947999999834e+00
2.731736468999999889e+00
2.736756988999999862e+00
2.741777509999999918e+00
2.746798030999999973e+00
2.751818552000000029e+00
2.756839073000000084e+00
2.761859594000000140e+00
2.766880114000000113e+00
2.771900635000000168e+00
2.776921155999999780e+00
2.781941676999999835e+00
2.786962197999999891e+00
2.791982718999999946e+00
2.797003238999999919e+00
2.802023759999999974e+00
2.807044281000000030e+00
2.812064802000000086e+00
2.817085323000000141e+00
2.822105844000000197e+00
2.827126364000000169e+00
2.832146884999999781e+00
2.837167405999999836e+00
2.842187926999999892e+00
2.847208447999999947e+00
2.852228969000000003e+00
2.857249488999999976e+00
2.862270010000000031e+00
2.867290531000000087e+00
2.872311052000000142e+00
2.877331573000000198e+00
2.882352093999999809e+00
2.887372613999999782e+00
2.892393134999999837e+00
2.897413655999999893e+00
2.902434176999999949e+00
2.907454698000000004e+00
2.912475219000000060e+00
2.917495739000000032e+00
2.922516260000000088e+00
2.927536781000000143e+00
2.932557302000000199e+00
2.937577822999999810e+00
2.942598343999999866e+00
2.947618863999999839e+00
2.952639384999999894e+00
2.957659905999999950e+00
2.962680427000000005e+00
2.967700948000000061e+00
2.972721469000000116e+00
2.977741989000000089e+00
2.982762510000000145e+00
2.987783031000000200e+00
2.992803551999999812e+00
2.997824072999999867e+00
3.002844593999999923e+00
3.007865113999999895e+00
3.012885634999999951e+00
3.017906156000000006e+00
3.022926677000000062e+00
3.027947198000000117e+00
3.032967719000000173e+00
3.037988239000000146e+00
3.043008760000000201e+00
3.048029280999999813e+00
3.053049801999999868e+00
3.058070322999999924e+00
3.063090843999999979e+00
3.068111363999999952e+00
3.073131885000000008e+00
3.078152406000000063e+00
3.083172927000000119e+00
3.088193448000000174e+00
3.093213968999999786e+00
3.098234489000000202e+00
3.103255009999999814e+00
3.108275530999999869e+00
3.113296051999999925e+00
3.118316572999999980e+00
3.123337094000000036e+00
3.128357614000000009e+00
3.133378135000000064e+00
3.138398656000000120e+00
3.143419177000000175e+00
3.148439697999999787e+00
3.153460218999999842e+00
3.158480738999999815e+00
3.163501259999999871e+00
3.168521780999999926e+00
3.173542301999999982e+00
3.178562823000000037e+00
3.183583344000000093e+00
3.188603864000000065e+00
3.193624385000000121e+00
3.198644906000000177e+00
3.203665426999999788e+00
3.208685947999999843e+00
3.213706468999999899e+00
3.218726988999999872e+00
3.223747509999999927e+00
3.228768030999999983e+00
3.233788552000000038e+00
3.238809073000000094e+00
3.243829594000000149e+00
3.248850114000000122e+00
3.253870635000000178e+00
3.258891155999999789e+00
3.263911676999999845e+00
3.268932197999999900e+00
3.273952718999999956e+00
3.278973238999999928e+00
3.283993759999999984e+00
3.289014281000000040e+00
3.294034802000000095e+00
3.299055323000000151e+00
3.304075844000000206e+00
3.309096364000000179e+00
3.314116884999999790e+00
3.319137405999999846e+00
3.324157926999999901e+00
3.329178447999999957e+00
3.334198969000000012e+00
3.339219488999999985e+00
3.344240010000000041e+00
3.349260531000000096e+00
3.354281052000000152e+00
3.359301573000000207e+00
3.364322093999999819e+00
3.369342613999999791e+00
3.374363134999999847e+00
3.379383655999999903e+00
3.384404176999999958e+00
3.389424698000000014e+00
3.394445219000000069e+00
3.399465739000000042e+00
3.404486260000000097e+00
3.409506781000000153e+00
3.414527302000000208e+00
3.419547822999999820e+00
3.424568343999999875e+00
3.429588863999999848e+00
3.434609384999999904e+00
3.439629905999999959e+00
3.444650427000000015e+00
3.449670948000000070e+00
3.454691469000000126e+00
3.459711989000000099e+00
3.464732510000000154e+00
3.469753031000000210e+00
3.474773551999999821e+00
3.479794072999999877e+00
3.484814593999999932e+00
3.489835113999999905e+00
3.494855634999999960e+00
3.499876156000000016e+00
3.504896677000000071e+00
3.509917198000000127e+00
3.514937719000000182e+00
3.519958239000000155e+00
3.524978760000000211e+00
3.529999280999999822e+00
3.535019801999999878e+00
3.540040322999999933e+00
3.545060843999999989e+00
3.550081363999999962e+00
3.555101885000000017e+00
3.560122406000000073e+00
3.565142927000000128e+00
3.570163448000000184e+00
3.575183968999999795e+00
3.580204489000000212e+00
3.585225009999999823e+00
3.590245530999999879e+00
3.595266051999999934e+00
3.600286572999999990e+00
3.605307094000000045e+00
3.610327614000000018e+00
3.615348135000000074e+00
3.620368656000000129e+00
3.625389177000000185e+00
3.630409697999999796e+00
3.635430218999999852e+00
3.640450738999999825e+00
3.645471259999999880e+00
3.650491780999999936e+00
3.655512301999999991e+00
3.660532823000000047e+00
3.665553344000000102e+00
3.670573864000000075e+00
3.675594385000000131e+00
3.680614906000000186e+00
3.685635426999999797e+00
3.690655947999999853e+00
3.695676468999999909e+00
3.700696988999999881e+00
3.705717509999999937e+00
3.710738030999999992e+00
3.715758552000000048e+00
3.720779073000000103e+00
3.725799594000000159e+00
3.730820114000000132e+00
3.735840635000000187e+00
3.740861155999999799e+00
3.745881676999999854e+00
3.750902197999999910e+00
3.755922718999999965e+00
3.760943238999999938e+00
3.765963759999999994e+00
3.770984281000000049e+00
3.776004802000000105e+00
3.781025323000000160e+00
3.786045844000000216e+00
3.791066364000000188e+00
3.796086884999999800e+00
3.801107405999999855e+00
3.806127926999999911e+00
3.811148447999999966e+00
3.816168969000000022e+00
3.821189488999999995e+00
3.826210010000000050e+00
3.831230531000000106e+00
3.836251052000000161e+00
3.841271573000000217e+00
3.846292093999999828e+00
3.851312613999999801e+00
3.856333134999999857e+00
3.861353655999999912e+00
3.866374176999999968e+00
3.871394698000000023e+00
3.876415219000000079e+00
3.881435739000000051e+00
3.886456260000000107e+00
3.891476781000000162e+00
3.896497302000000218e+00
3.901517822999999829e+00
3.906538343999999885e+00
3.911558863999999858e+00
3.916579384999999913e+00
3.921599905999999969e+00
3.926620427000000024e+00
3.931640948000000080e+00
3.936661469000000135e+00
3.941681989000000108e+00
3.946702510000000164e+00
3.951723031000000219e+00
3.956743551999999831e+00
3.961764072999999886e+00
3.966784593999999942e+00
3.971805113999999914e+00
3.976825634999999970e+00
3.981846156000000025e+00
3.986866677000000081e+00
3.991887198000000136e+00
3.996907719000000192e+00
4.001928238999999721e+00
4.006948760000000220e+00
4.011969280999999832e+00
4.016989802000000331e+00
4.022010322999999943e+00
4.027030844000000442e+00
4.032051363999999971e+00
4.037071884999999583e+00
4.042092406000000082e+00
4.047112926999999694e+00
4.052133448000000193e+00
4.057153968999999805e+00
4.062174489000000221e+00
4.067195009999999833e+00
4.072215531000000333e+00
4.077236051999999944e+00
4.082256573000000444e+00
4.087277094000000055e+00
4.092297613999999584e+00
4.097318135000000083e+00
4.102338655999999695e+00
4.107359177000000194e+00
4.112379697999999806e+00
4.117400219000000305e+00
4.122420738999999834e+00
4.127441260000000334e+00
4.132461780999999945e+00
4.137482301999999557e+00
4.142502823000000056e+00
4.147523343999999668e+00
4.152543864000000085e+00
4.157564384999999696e+00
4.162584906000000196e+00
4.167605426999999807e+00
4.172625948000000307e+00
4.177646468999999918e+00
4.182666989000000335e+00
4.187687509999999946e+00
4.192708030999999558e+00
4.197728552000000057e+00
4.202749072999999669e+00
4.207769594000000168e+00
4.212790113999999697e+00
4.217810635000000197e+00
4.222831155999999808e+00
4.227851677000000308e+00
4.232872197999999919e+00
4.237892719000000419e+00
4.242913238999999948e+00
4.247933759999999559e+00
4.252954281000000059e+00
4.257974801999999670e+00
4.262995323000000170e+00
4.268015843999999781e+00
4.273036364000000198e+00
4.278056884999999809e+00
4.283077406000000309e+00
4.288097926999999920e+00
4.293118448000000420e+00
4.298138969000000031e+00
4.303159488999999560e+00
4.308180010000000060e+00
4.313200530999999671e+00
4.318221052000000171e+00
4.323241572999999782e+00
4.328262094000000282e+00
4.333282613999999811e+00
4.338303135000000310e+00
4.343323655999999922e+00
4.348344177000000421e+00
4.353364698000000033e+00
4.358385218999999644e+00
4.363405739000000061e+00
4.368426259999999672e+00
4.373446781000000172e+00
4.378467301999999783e+00
4.383487823000000283e+00
4.388508343999999894e+00
4.393528864000000311e+00
4.398549384999999923e+00
4.403569906000000422e+00
4.408590427000000034e+00
4.413610947999999645e+00
4.418631469000000145e+00
4.423651988999999674e+00
4.428672510000000173e+00
4.433693030999999785e+00
4.438713552000000284e+00
4.443734072999999896e+00
4.448754594000000395e+00
4.453775113999999924e+00
4.458795635000000424e+00
4.463816156000000035e+00
4.468836676999999646e+00
4.473857198000000146e+00
4.478877718999999757e+00
4.483898239000000174e+00
4.488918759999999786e+00
4.493939281000000285e+00
4.498959801999999897e+00
4.503980323000000396e+00
4.509000844000000008e+00
4.514021364000000425e+00
4.519041885000000036e+00
4.524062405999999648e+00
4.529082927000000147e+00
4.534103447999999759e+00
4.539123969000000258e+00
4.544144488999999787e+00
4.549165010000000287e+00
4.554185530999999898e+00
4.559206052000000398e+00
4.564226573000000009e+00
4.569247093999999620e+00
4.574267614000000037e+00
4.579288134999999649e+00
4.584308656000000148e+00
4.589329176999999760e+00
4.594349698000000259e+00
4.599370218999999871e+00
4.604390739000000288e+00
4.609411259999999899e+00
4.614431781000000399e+00
4.619452302000000010e+00
4.624472822999999622e+00
4.629493344000000121e+00
4.634513863999999650e+00
4.639534385000000150e+00
4.644554905999999761e+00
4.649575427000000261e+00
4.654595947999999872e+00
4.659616469000000372e+00
4.664636988999999900e+00
4.669657510000000400e+00
4.674678031000000011e+00
4.679698551999999623e+00
4.684719073000000122e+00
4.689739593999999734e+00
4.694760114000000151e+00
4.699780634999999762e+00
4.704801156000000262e+00
4.709821676999999873e+00
4.714842198000000373e+00
4.719862718999999984e+00
4.724883239000000401e+00
4.729903760000000013e+00
4.734924280999999624e+00
4.739944802000000124e+00
4.744965322999999735e+00
4.749985844000000235e+00
4.755006363999999763e+00
4.760026885000000263e+00
4.765047405999999874e+00
4.770067927000000374e+00
4.775088447999999985e+00
4.780108968999999597e+00
4.785129489000000014e+00
4.790150009999999625e+00
4.795170531000000125e+00
4.800191051999999736e+00
4.805211573000000236e+00
4.810232093999999847e+00
4.815252614000000264e+00
4.820273134999999876e+00
4.825293656000000375e+00
4.830314176999999987e+00
4.835334697999999598e+00
4.840355219000000098e+00
4.845375738999999626e+00
4.850396260000000126e+00
4.855416780999999737e+00
4.860437302000000237e+00
4.865457822999999848e+00
4.870478344000000348e+00
4.875498863999999877e+00
4.880519385000000376e+00
4.885539905999999988e+00
4.890560426999999599e+00
4.895580948000000099e+00
4.900601468999999710e+00
4.905621989000000127e+00
4.910642509999999739e+00
4.915663031000000238e+00
4.920683551999999850e+00
4.925704073000000349e+00
4.930724593999999961e+00
4.935745114000000378e+00
4.940765634999999989e+00
4.945786155999999600e+00
4.950806677000000100e+00
4.955827197999999711e+00
4.960847719000000211e+00
4.965868238999999740e+00
4.970888760000000239e+00
4.975909280999999851e+00
4.980929802000000350e+00
4.985950322999999962e+00
4.990970843999999573e+00
4.995991363999999990e+00
5.001011884999999602e+00
5.006032406000000101e+00
5.011052926999999713e+00
5.016073448000000212e+00
5.021093968999999824e+00
5.026114489000000241e+00
5.031135009999999852e+00
5.036155531000000352e+00
5.041176051999999963e+00
5.046196572999999574e+00
5.051217094000000074e+00
5.056237613999999603e+00
5.061258135000000102e+00
5.066278655999999714e+00
5.071299177000000213e+00
5.076319697999999825e+00
5.081340219000000324e+00
5.086360738999999853e+00
5.091381260000000353e+00
5.096401780999999964e+00
5.101422301999999576e+00
5.106442823000000075e+00
5.111463343999999687e+00
5.116483864000000104e+00
5.121504384999999715e+00
5.126524906000000215e+00
5.131545426999999826e+00
5.136565948000000326e+00
5.141586468999999937e+00
5.146606989000000354e+00
5.151627509999999965e+00
5.156648030999999577e+00
5.161668552000000076e+00
5.166689072999999688e+00
5.171709594000000187e+00
5.176730113999999716e+00
5.181750635000000216e+00
5.186771155999999827e+00
5.191791677000000327e+00
5.196812197999999938e+00
5.201832719000000438e+00
5.206853238999999967e+00
5.211873759999999578e+00
5.216894281000000078e+00
5.221914801999999689e+00
5.226935323000000189e+00
5.231955843999999800e+00
5.236976364000000217e+00
5.241996884999999828e+00
5.247017406000000328e+00
5.252037926999999939e+00
5.257058448000000439e+00
5.262078969000000050e+00
5.267099488999999579e+00
5.272120010000000079e+00
5.277140530999999690e+00
5.282161052000000190e+00
5.287181572999999801e+00
5.292202094000000301e+00
5.297222613999999830e+00
5.302243135000000329e+00
5.307263655999999941e+00
5.312284177000000440e+00
5.317304698000000052e+00
5.322325218999999663e+00
5.327345739000000080e+00
5.332366259999999691e+00
5.337386781000000191e+00
5.342407301999999802e+00
5.347427823000000302e+00
5.352448343999999913e+00
5.357468864000000330e+00
5.362489384999999942e+00
5.367509906000000441e+00
5.372530427000000053e+00
5.377550947999999664e+00
5.382571469000000164e+00
5.387591988999999693e+00
5.392612562000000054e+00
5.397633135000000415e+00
5.402653707999999888e+00
5.407674281000000249e+00
5.412694853999999722e+00
5.417715427000000084e+00
5.422735999999999557e+00
5.427756572999999918e+00
5.432777146000000279e+00
5.437797718999999752e+00
5.442818291000000031e+00
5.447838864000000392e+00
5.452859436999999865e+00
5.457880010000000226e+00
5.462900582999999699e+00
5.467921156000000060e+00
5.472941729000000421e+00
5.477962301999999895e+00
5.482982875000000256e+00
5.488003447999999729e+00
5.493024021000000090e+00
5.498044593999999563e+00
5.503065165999999842e+00
5.508085739000000203e+00
5.513106311999999676e+00
5.518126833000000175e+00
5.523147353999999787e+00
5.528167875000000286e+00
5.533188395999999898e+00
5.538208916000000315e+00
5.543229436999999926e+00
5.548249958000000426e+00
5.553270479000000037e+00
5.558290999999999649e+00
5.563311521000000148e+00
5.568332040999999677e+00
5.573352562000000177e+00
5.578373082999999788e+00
5.583393604000000288e+00
5.588414124999999899e+00
5.593434646000000399e+00
5.598455165999999927e+00
5.603475687000000427e+00
5.608496208000000038e+00
5.613516728999999650e+00
5.618537250000000149e+00
5.623557770999999761e+00
5.628578291000000178e+00
5.633598811999999789e+00
5.638619333000000289e+00
5.643639853999999900e+00
5.648660375000000400e+00
5.653680896000000011e+00
5.658701416000000428e+00
5.663721937000000040e+00
5.668742457999999651e+00
5.673762979000000151e+00
5.678783499999999762e+00
5.683804021000000262e+00
5.688824540999999790e+00
5.693845062000000290e+00
5.698865582999999901e+00
5.703886104000000401e+00
5.708906625000000012e+00
5.713927145999999624e+00
5.718947666000000041e+00
5.723968186999999652e+00
5.728988708000000152e+00
5.734009228999999763e+00
5.739029750000000263e+00
5.744050270999999874e+00
5.749070791000000291e+00
5.754091311999999903e+00
5.759111833000000402e+00
5.764132354000000014e+00
5.769152874999999625e+00
5.774173396000000125e+00
5.779193915999999653e+00
5.784214437000000153e+00
5.789234957999999764e+00
5.794255479000000264e+00
5.799275999999999875e+00
5.804296521000000375e+00
5.809317040999999904e+00
5.814337562000000403e+00
5.819358083000000015e+00
5.824378603999999626e+00
5.829399125000000126e+00
5.834419645999999737e+00
5.839440166000000154e+00
5.844460686999999766e+00
5.849481208000000265e+00
5.854501728999999877e+00
5.859522250000000376e+00
5.864542770999999988e+00
5.869563291000000405e+00
5.874583812000000016e+00
5.879604332999999627e+00
5.884624854000000127e+00
5.889645374999999738e+00
5.894665896000000238e+00
5.899686415999999767e+00
5.904706937000000266e+00
5.909727457999999878e+00
5.914747979000000377e+00
5.919768499999999989e+00
5.924789020999999600e+00
5.929809541000000017e+00
5.934830061999999629e+00
5.939850583000000128e+00
5.944871103999999740e+00
5.949891625000000239e+00
5.954912145999999851e+00
5.959932666000000268e+00
5.964953186999999879e+00
5.969973708000000379e+00
5.974994228999999990e+00
5.980014749999999601e+00
5.985035271000000101e+00
5.990055790999999630e+00
5.995076312000000129e+00
6.000096832999999741e+00
6.005117354000000240e+00
6.010137874999999852e+00
6.015158396000000351e+00
6.020178915999999880e+00
6.025199437000000380e+00
6.030219957999999991e+00
6.035240478999999603e+00
6.040261000000000102e+00
6.045281520999999714e+00
6.050302041000000131e+00
6.055322561999999742e+00
6.060343083000000242e+00
6.065363603999999853e+00
6.070384125000000353e+00
6.075404645999999964e+00
6.080425166000000381e+00
6.085445686999999992e+00
6.090466207999999604e+00
6.095486729000000103e+00
6.100507249999999715e+00
6.105527771000000214e+00
6.110548290999999743e+00
6.115568812000000243e+00
6.120589332999999854e+00
6.125609854000000354e+00
6.130630374999999965e+00
6.135650895999999577e+00
6.140671415999999994e+00
6.145691936999999605e+00
6.150712458000000105e+00
6.155732978999999716e+00
6.160753500000000216e+00
6.165774020999999827e+00
6.170794541000000244e+00
6.175815061999999855e+00
6.180835583000000355e+00
6.185856103999999966e+00
6.190876624999999578e+00
6.195897146000000077e+00
6.200917665999999606e+00
6.205938187000000106e+00
6.210958707999999717e+00
6.215979229000000217e+00
6.220999749999999828e+00
6.226020271000000328e+00
6.231040790999999857e+00
6.236061312000000356e+00
6.241081832999999968e+00
6.246102353999999579e+00
6.251122875000000079e+00
6.256143395999999690e+00
6.261163916000000107e+00
6.266184436999999718e+00
6.271204958000000218e+00
6.276225478999999829e+00
6.281246000000000329e+00
6.286266520999999940e+00
6.291287041000000357e+00
6.296307561999999969e+00
6.301328082999999580e+00
6.306348604000000080e+00
6.311369124999999691e+00
6.316389646000000191e+00
6.321410165999999720e+00
6.326430687000000219e+00
6.331451207999999831e+00
6.336471729000000330e+00
6.341492249999999942e+00
6.346512771000000441e+00
6.351533290999999970e+00
6.356553811999999581e+00
6.361574333000000081e+00
6.366594853999999692e+00
6.371615375000000192e+00
6.376635895999999804e+00
6.381656416000000220e+00
6.386676936999999832e+00
6.391697458000000331e+00
6.396717978999999943e+00
6.401738500000000442e+00
6.406759021000000054e+00
6.411779540999999583e+00
